# Nodes: 241 Edges: 281
# FromNodeId	ToNodeId
0	11
0	72
2	214
3	18
4	49
4	52
5	107
6	40
7	31
9	114
9	205
10	211
11	0
11	126
12	44
13	16
13	126
14	123
14	221
15	46
15	126
19	9
19	85
22	39
23	88
23	91
23	92
23	202
23	203
25	25
25	38
25	61
25	194
25	228
26	22
26	32
26	40
26	50
27	78
27	82
27	84
27	115
27	142
27	217
28	26
29	93
29	121
29	123
29	145
30	27
30	38
30	83
30	85
30	136
30	147
30	192
30	207
30	208
33	32
33	38
33	196
34	67
35	34
35	66
35	172
36	37
36	39
36	59
36	62
36	182
36	230
37	33
37	39
38	42
38	73
38	82
38	102
38	205
39	38
40	7
40	31
41	27
41	29
41	38
41	54
41	89
41	101
41	105
41	110
41	222
42	106
42	206
43	57
43	58
43	63
43	65
43	67
43	133
43	182
44	8
44	45
45	12
46	1
46	16
46	45
46	126
47	31
48	6
48	40
49	31
49	190
50	3
50	5
50	48
52	31
52	206
53	31
53	140
54	23
54	87
54	96
56	3
56	5
58	34
58	35
58	67
58	133
59	70
59	134
59	171
59	172
59	229
60	152
61	60
61	68
61	175
61	184
62	134
63	65
63	67
64	134
65	61
65	148
66	66
67	198
68	65
68	148
70	36
71	23
72	0
72	54
72	110
72	113
73	9
74	42
75	41
75	97
76	202
76	223
77	203
78	86
78	215
80	102
80	142
80	186
81	80
82	191
83	192
83	210
84	86
84	217
85	50
85	79
85	80
85	207
86	217
88	77
88	90
88	95
90	94
91	201
93	121
94	87
97	89
98	23
98	96
98	202
98	223
99	74
99	87
100	42
101	93
102	146
103	117
103	118
103	201
104	94
105	86
106	95
106	97
106	206
108	19
108	41
108	86
108	105
109	87
109	94
111	29
111	105
112	18
112	146
115	84
116	203
116	206
118	117
121	68
121	110
123	221
125	1
125	10
125	14
125	15
125	29
125	126
126	186
127	23
127	103
128	42
129	0
131	11
131	125
131	129
131	202
135	7
135	40
136	79
136	85
137	31
138	40
138	139
139	7
139	52
142	39
143	54
143	72
143	200
143	237
145	121
146	38
147	81
147	183
148	68
148	154
152	154
154	36
182	67
186	196
192	210
196	38
201	23
202	76
202	92
202	215
205	89
207	126
209	71
209	200
211	10
211	125
214	31
214	40
217	78
217	191
218	3
218	111
222	75
224	104
224	128
227	2
228	25
229	70
